# Image list with two lines of data per image:
# IMAGE_ID, QW, QX, QY, QZ, TX, TY, TZ, CAMERA_ID, NAME
# POINTS2D[] as (X, Y, POINT3D_ID)
1 0.9640026742517358 0.042048422172352946 -0.26058497992840535 -0.03203501933868203 0.10901810973882675 0.002505621640011668 0.03862781077623367 1 1.png
placeholder
2 0.9648013276671747 0.04157863525089177 -0.25773117660844935 -0.0316899956824717 0.10779318715749162 0.0024774685878767057 0.03819379043043329 2 2.png
placeholder
3 0.9655911803754779 0.04110846905819474 -0.2548750223209517 -0.03134468295703745 0.10656826457615648 0.002449315535741743 0.03775977008463292 3 3.png
placeholder
4 0.9663722251717819 0.040637927883015214 -0.25201654311912913 -0.030999084312246232 0.10534334199482136 0.0024211624836067806 0.03732574973883254 4 4.png
placeholder
5 0.9671444549315666 0.0401670160175271 -0.2491557650774049 -0.030653202900574057 0.10411841941348622 0.002393009431471818 0.03689172939303216 5 5.png
placeholder
6 0.9679078626107201 0.03969573775728567 -0.24629271429117172 -0.030307041877074958 0.10289349683215109 0.002364856379336855 0.03645770904723178 6 6.png
placeholder
7 0.9686624412456051 0.039224097401188276 -0.24342741687655456 -0.029960604399354832 0.10166857425081596 0.002336703327201893 0.036023688701431404 7 7.png
placeholder
8 0.9694081839531195 0.0387520992514354 -0.2405598989701705 -0.029613893627540522 0.10044365166948083 0.0023085502750669305 0.03558966835563102 8 8.png
placeholder
9 0.9701450839307609 0.03827974761349109 -0.23769018672889208 -0.02926691272425188 0.09921872908814569 0.0022803972229319676 0.03515564800983065 9 9.png
placeholder
10 0.9708731344566884 0.03780704679604396 -0.23481830632960787 -0.028919664854573233 0.09799380650681055 0.002252244170797005 0.034721627664030266 10 10.png
placeholder
11 0.9715923288897845 0.03733400111096763 -0.23194428396898448 -0.028572153186023692 0.09676888392547543 0.0022240911186620425 0.034287607318229885 11 11.png
placeholder
12 0.9723026606697144 0.036860614873281586 -0.22906814586322655 -0.0282243808885288 0.0955439613441403 0.00219593806652708 0.03385358697242951 12 12.png
placeholder
13 0.9730041233169869 0.03638689240111185 -0.2261899182478384 -0.027876351134391845 0.09431903876280517 0.0021677850143921175 0.033419566626629135 13 13.png
placeholder
14 0.9736967104330122 0.035912838015651344 -0.2233096273773828 -0.027528067098263987 0.09309411618147004 0.002139631962257155 0.032985546280828754 14 14.png
placeholder
15 0.9743804157001623 0.03543845604112068 -0.2204272995252463 -0.027179531957116292 0.09186919360013492 0.0021114789101221924 0.03255152593502838 15 15.png
placeholder
16 0.9750552328818266 0.034963750804728744 -0.21754296098339376 -0.026830748890210202 0.09064427101879978 0.00208332585798723 0.032117505589228 16 16.png
placeholder
17 0.9757211558224702 0.034488726636633174 -0.21465663806213087 -0.026481721079069 0.08941934843746464 0.0020551728058522674 0.03168348524342762 17 17.png
placeholder
18 0.9763781784476895 0.03401338786990059 -0.2117683570898662 -0.026132451707447532 0.08819442585612951 0.0020270197537173044 0.03124946489762724 18 18.png
placeholder
19 0.9770262947642676 0.03353773884046757 -0.2088781444128689 -0.025782943961305402 0.08696950327479437 0.001998866701582342 0.03081544455182686 19 19.png
placeholder
20 0.9776654988602289 0.03306178388710074 -0.20598602639502706 -0.025433201028775863 0.08574458069345925 0.0019707136494473794 0.030381424206026485 20 20.png
placeholder
21 0.9782957849048926 0.03258552735135729 -0.20309202941761073 -0.025083226100137454 0.08451965811212411 0.0019425605973124168 0.029947403860226107 21 21.png
placeholder
22 0.9789171471489274 0.032108973577545406 -0.20019617987902838 -0.024733022367785226 0.08329473553078898 0.0019144075451774543 0.02951338351442573 22 22.png
placeholder
23 0.9795295799244026 0.03163212691268457 -0.19729850419458783 -0.024382593026201146 0.08206981294945385 0.001886254493042492 0.02907936316862535 23 23.png
placeholder
24 0.98013307764484 0.03115499170646602 -0.19439902879625415 -0.0240319412719253 0.08084489036811872 0.0018581014409075293 0.028645342822824972 24 24.png
placeholder
25 0.9807276348052651 0.030677572311212948 -0.19149778013240903 -0.023681070303526012 0.07961996778678358 0.0018299483887725667 0.028211322477024594 25 25.png
placeholder
26 0.9813132459822571 0.030199873081840863 -0.18859478466760882 -0.023329983321572198 0.07839504520544845 0.001801795336637604 0.027777302131224212 26 26.png
placeholder
27 0.981889905833999 0.02972189837581791 -0.18569006888234574 -0.022978683528602526 0.07717012262411331 0.0017736422845026415 0.027343281785423834 27 27.png
placeholder
28 0.9824576091003255 0.029243652553125034 -0.18278365927280238 -0.022627174129096907 0.07594520004277817 0.0017454892323676787 0.026909261439623456 28 28.png
placeholder
29 0.9830163506027708 0.028765139976216218 -0.17987558235061318 -0.022275458329447488 0.07472027746144305 0.0017173361802327164 0.02647524109382308 29 29.png
placeholder
30 0.9835661252446173 0.028286365009978758 -0.17696586464262154 -0.02192353933792892 0.07349535488010792 0.001689183128097754 0.0260412207480227 30 30.png
placeholder
31 0.9841069280109406 0.027807332021693398 -0.17405453269063653 -0.021571420364669636 0.0722704322987728 0.0016610300759627914 0.025607200402222325 31 31.png
placeholder
32 0.9846387539686556 0.027328045380994526 -0.1711416130511927 -0.021219104621621743 0.07104550971743766 0.0016328770238278288 0.025173180056421947 32 32.png
placeholder
33 0.9851615982665626 0.02684850945983027 -0.16822713229530828 -0.020866595322532922 0.06982058713610252 0.001604723971692866 0.024739159710621565 33 33.png
placeholder
34 0.9856754561353894 0.026368728632422626 -0.16531111700823953 -0.02051389568291557 0.0685956645547674 0.0015765709195579036 0.024305139364821187 34 34.png
placeholder
35 0.9861803228878373 0.025888707275227546 -0.16239359378924234 -0.02016100892001957 0.06737074197343226 0.0015484178674229408 0.02387111901902081 35 35.png
placeholder
36 0.9866761939186213 0.02540844976689516 -0.15947458925132574 -0.01980793825280029 0.06614581939209713 0.0015202648152879783 0.023437098673220427 36 36.png
placeholder
37 0.987163064704515 0.024927960488229577 -0.15655413002101337 -0.019454686901891442 0.064920896810762 0.001492111763153016 0.023003078327420053 37 37.png
placeholder
38 0.9876409308043882 0.02444724382214916 -0.1536322427380955 -0.019101258089574878 0.06369597422942687 0.0014639587110180533 0.022569057981619674 38 38.png
placeholder
39 0.9881097878592519 0.023966304153646374 -0.15070895405539186 -0.01874765503975101 0.06247105164809174 0.001435805658883091 0.0221350376358193 39 39.png
placeholder
40 0.9885696315922929 0.02348514586974798 -0.14778429063850196 -0.01839388097790968 0.061246129066756604 0.0014076526067481282 0.021701017290018918 40 40.png
placeholder
41 0.9890204578089185 0.023003773359474768 -0.14485827916556793 -0.018039939131100677 0.060021206485421474 0.0013794995546131657 0.02126699694421854 41 41.png
placeholder
42 0.9894622623967895 0.022522191013801724 -0.1419309463270284 -0.017685832727904326 0.05879628390408634 0.001351346502478203 0.020832976598418162 42 42.png
placeholder
43 0.9898950413258609 0.022040403225617906 -0.13900231882537384 -0.017331564998401702 0.0575713613227512 0.0013231934503432404 0.02039895625261778 43 43.png
placeholder
44 0.9903187906484182 0.021558414389686382 -0.13607242337490488 -0.016977139174146214 0.056346438741416066 0.0012950403982082777 0.019964935906817402 44 44.png
placeholder
45 0.9907335064991121 0.02107622890260407 -0.13314128670148873 -0.016622558488132537 0.055121516160080944 0.0012668873460733154 0.019530915561017027 45 45.png
placeholder
46 0.991139185094995 0.020593851162761797 -0.13020893554231483 -0.016267826174768345 0.05389659357874581 0.0012387342939383528 0.019096895215216646 46 46.png
placeholder
47 0.9915358227355557 0.020111285570303974 -0.1272753966456498 -0.015912945469844213 0.05267167099741067 0.00121058124180339 0.018662874869416268 47 47.png
placeholder
48 0.9919234158027526 0.01962853652708862 -0.124340696770596 -0.01555791961050475 0.05144674841607555 0.0011824281896684278 0.018228854523615893 48 48.png
placeholder
49 0.992301960761046 0.019145608436647164 -0.12140486268684425 -0.015202751835218244 0.05022182583474041 0.0011542751375334653 0.01779483417781551 49 49.png
placeholder
50 0.9926714541574305 0.018662505704144215 -0.11846792117443306 -0.01484744538374754 0.04899690325340528 0.0011261220853985025 0.017360813832015133 50 50.png
placeholder
51 0.9930318926214694 0.01817923273633747 -0.11552989902350097 -0.014492003497120739 0.04777198067207015 0.00109796903326354 0.016926793486214755 51 51.png
placeholder
52 0.9933832728653208 0.017695793941537506 -0.11259082303404566 -0.014136429417600937 0.04654705809073502 0.0010698159811285775 0.01649277314041438 52 52.png
placeholder
53 0.9937255916837708 0.017212193729567435 -0.109650720015676 -0.013780726388657473 0.04532213550939989 0.001041662928993615 0.016058752794614 53 53.png
placeholder
54 0.9940588459542624 0.01672843651172286 -0.1067096167873709 -0.013424897654935514 0.044097212928064754 0.0010135098768586522 0.01562473244881362 54 54.png
placeholder
55 0.9943830326369226 0.016244526700731565 -0.10376754017723167 -0.013068946462227289 0.04287229034672962 0.0009853568247236897 0.01519071210301324 55 55.png
placeholder
56 0.9946981487745914 0.015760468710713182 -0.10082451702223927 -0.01271287605744194 0.041647367765394495 0.0009572037725887273 0.014756691757212866 56 56.png
placeholder
57 0.9950041914928479 0.015276266957139087 -0.09788057416800822 -0.012356689688575714 0.04042244518405936 0.0009290507204537646 0.014322671411412486 57 57.png
placeholder
58 0.9953011580000372 0.014791925856791961 -0.09493573846854253 -0.012000390604683175 0.03919752260272422 0.000900897668318802 0.013888651065612106 58 58.png
placeholder
59 0.9955890455872956 0.014307449827725636 -0.09199003678599105 -0.011643982055846668 0.03797260002138909 0.0008727446161838394 0.013454630719811728 59 59.png
placeholder
60 0.9958678516285759 0.013822843289224701 -0.08904349599040173 -0.011287467293147509 0.036747677440053965 0.0008445915640488771 0.013020610374011352 60 60.png
placeholder
61 0.9961375735806693 0.013338110661764222 -0.08609614295947643 -0.01093084956863493 0.03552275485871883 0.0008164385119139144 0.012586590028210973 61 61.png
placeholder
62 0.9963982089832321 0.012853256366969438 -0.08314800457832672 -0.010574132135298429 0.0342978322773837 0.0007882854597789518 0.012152569682410594 62 62.png
placeholder
63 0.9966497554588044 0.01236828482757539 -0.08019910773922656 -0.010217318247036571 0.033072909696048564 0.0007601324076439892 0.011718549336610214 63 63.png
placeholder
64 0.9968922107128343 0.011883200467386654 -0.07724947934136928 -0.00986041115862754 0.03184798711471344 0.0007319793555090267 0.011284528990809839 64 64.png
placeholder
65 0.9971255725336975 0.011398007711236835 -0.07429914629062262 -0.009503414125700235 0.030623064533378302 0.0007038263033740641 0.010850508645009459 65 65.png
placeholder
66 0.9973498387927194 0.01091271098494838 -0.07134813549927932 -0.00914633040470332 0.02939814195204317 0.0006756732512391015 0.010416488299209081 66 66.png
placeholder
67 0.9975650074441913 0.010427314715292114 -0.06839647388581649 -0.008789163252876781 0.028173219370708033 0.0006475201991041388 0.009982467953408701 67 67.png
placeholder
68 0.9977710765253918 0.009941823329946869 -0.06544418837464683 -0.008431915928221392 0.02694829678937291 0.0006193671469691765 0.009548447607608326 68 68.png
placeholder
69 0.9979680441566038 0.009456241257459084 -0.062491305895874594 -0.008074591689469106 0.025723374208037775 0.0005912140948342139 0.009114427261807946 69 69.png
placeholder
70 0.9981559085411321 0.008970572927202448 -0.059537853385049466 -0.007717193796053938 0.02449845162670264 0.0005630610426992513 0.008680406916007567 70 70.png
placeholder
71 0.9983346679653174 0.008484822769337475 -0.05658385778292008 -0.007359725508081111 0.023273529045367506 0.0005349079905642886 0.008246386570207187 71 71.png
placeholder
72 0.9985043207985569 0.00799899521477108 -0.053629346035189984 -0.007002190086298453 0.022048606464032384 0.0005067549384293263 0.007812366224406812 72 72.png
placeholder
73 0.9986648654933135 0.007513094695116183 -0.0506743450922702 -0.006644590792066473 0.020823683882697248 0.00047860188629436363 0.007378345878606433 73 73.png
placeholder
74 0.9988163005851333 0.007027125642651267 -0.047718881909034616 -0.0062869308873273674 0.01959876130136211 0.000450448834159401 0.006944325532806053 74 74.png
placeholder
75 0.9989586246926596 0.006541092490279958 -0.044762983444573745 -0.005929213634576806 0.018373838720026976 0.00042229578202443836 0.006510305187005674 75 75.png
placeholder
76 0.999091836517642 0.006054999671490623 -0.04180667666194693 -0.005571442296833625 0.017148916138691853 0.000394142729889476 0.0060762848412052985 76 76.png
placeholder
77 0.9992159348449516 0.005568851620315814 -0.03884998852794097 -0.005213620137609802 0.01592399355735672 0.00036598967775451337 0.0056422644954049195 77 77.png
placeholder
78 0.9993309185425904 0.00508265277129199 -0.03589294601281878 -0.004855750420880991 0.014699070976021585 0.00033783662561955074 0.0052082441496045405 78 78.png
placeholder
79 0.9994367865617022 0.004596407559418899 -0.032935576090077245 -0.004497836411056692 0.013474148394686448 0.0003096835734845881 0.004774223803804161 79 79.png
placeholder
80 0.9995335379365827 0.004110120420119262 -0.02997790573619885 -0.00413988137295019 0.012249225813351326 0.0002815305213496258 0.004340203458003786 80 80.png
placeholder
81 0.999621171784686 0.0036237957891982284 -0.02701996193040701 -0.0037818885717496756 0.011024303232016192 0.00025337746921466316 0.003906183112203406 81 81.png
placeholder
82 0.9996996873066356 0.0031374381028029122 -0.024061771654419806 -0.0034238612729866245 0.009799380650681056 0.0002252244170797005 0.0034721627664030265 82 82.png
placeholder
83 0.9997690837862302 0.0026510517973820026 -0.021103361892203742 -0.0030658027425086404 0.008574458069345921 0.00019707136494473787 0.003038142420602647 83 83.png
placeholder
84 0.9998293605904501 0.0021646413096452024 -0.018144759629725504 -0.002707716246447093 0.007349535488010798 0.00016891831280977553 0.002604122074802272 84 84.png
placeholder
85 0.9998805171694642 0.0016782110765228284 -0.015185991854711256 -0.0023496050511889466 0.006124612906675663 0.0001407652606748129 0.002170101729001893 85 85.png
placeholder
86 0.9999225530566317 0.001191765535125304 -0.012227085556392625 -0.001991472423346234 0.004899690325340528 0.00011261220853985025 0.0017360813832015133 86 86.png
placeholder
87 0.999955467868512 0.0007053091227026822 -0.009268067725269447 -0.001633321629726861 0.003674767744005393 8.445915640488762e-05 0.001302061037401134 87 87.png
placeholder
88 0.9999792613048629 0.00021884627660417871 -0.006308965352854745 -0.001275155937304014 0.00244984516267027 5.630610426992527e-05 0.0008680406916007588 88 88.png
placeholder
89 0.9999939331486457 -0.0002676185657622883 -0.00334980543143526 -0.0009169786131870129 0.001224922581335135 2.8153052134962634e-05 0.0004340203458003794 89 89.png
placeholder
90 0.9999994832660267 -0.0007540809669706189 -0.00039061495382131106 -0.0005587929245912369 0.0 0.0 0.0 90 90.png
placeholder
