# Image list with two lines of data per image:
# IMAGE_ID, QW, QX, QY, QZ, TX, TY, TZ, CAMERA_ID, NAME
# POINTS2D[] as (X, Y, POINT3D_ID)
1 0.9999976074834992 0.00028699751928630606 0.0011935669401335058 -0.0018105407095271634 0.0 0.0 0.0 1 1.png
placeholder
2 0.999990365007276 -0.00021415565792539735 0.004117486864299802 -0.0015067620552105837 -0.0013860040501262364 -0.00011014823247207684 0.00029398641140943163 2 2.png
placeholder
3 0.9999742298205809 -0.0007153069306944891 0.007041370172495176 -0.0012029700015663012 -0.002772008100252473 -0.00022029646494415369 0.0005879728228188633 3 3.png
placeholder
4 0.9999492020669002 -0.00121645184238486 0.009965190863220896 -0.0008991672501547063 -0.0041580121503787095 -0.0003304446974162305 0.0008819592342282948 4 4.png
placeholder
5 0.9999152819688014 -0.0017175859364169628 0.012888922935536118 -0.0005953565026322085 -0.005544016200504946 -0.00044059292988830737 0.0011759456456377265 5 5.png
placeholder
6 0.9998724698279283 -0.002218704756307457 0.01581254038928659 -0.00029154046072575964 -0.006930020250631182 -0.0005507411623603842 0.0014699320570471582 6 6.png
placeholder
7 0.9998207660250009 -0.0027198038457088287 0.018736017225338686 1.2278173790608669e-05 -0.008316024300757419 -0.000660889394832461 0.0017639184684565897 7 7.png
placeholder
8 0.9997601710198102 -0.003220878748449017 0.021659327445809007 0.0003160966991197984 -0.009702028350883655 -0.0007710376273045379 0.0020579048798660213 8 8.png
placeholder
9 0.9996906853512151 -0.0037219250085710615 0.024582445054294633 0.0006199124134653101 -0.011088032401009891 -0.0008811858597766147 0.002351891291275453 9 9.png
placeholder
10 0.999612309637139 -0.0042229381703727 0.02750534405610905 0.0009237226150561827 -0.012474036451136128 -0.0009913340922486915 0.0026458777026848847 10 10.png
placeholder
11 0.9995250445745594 -0.004723913778446018 0.030427998458504968 0.001227524602170095 -0.013860040501262364 -0.0011014823247207685 0.0029398641140943164 11 11.png
placeholder
12 0.9994288909395068 -0.005224847377717063 0.03335038227091225 0.0015313156731577929 -0.0152460445513886 -0.0012116305571928452 0.0032338505255037476 12 12.png
placeholder
13 0.9993238495870566 -0.0057257345134854275 0.03627246950516927 0.0018350931264676867 -0.016632048601514838 -0.001321778789664922 0.0035278369369131793 13 13.png
placeholder
14 0.9992099214513207 -0.006226570731463935 0.039194234175748854 0.002138854260668358 -0.018018052651641074 -0.001431927022136999 0.003821823348322611 14 14.png
placeholder
15 0.9990871075454375 -0.006727351577818189 0.042115650299993534 0.002442596374474065 -0.01940405670176731 -0.0015420752546090757 0.004115809759732043 15 15.png
placeholder
16 0.9989554089615663 -0.00722807259920621 0.045036691898344694 0.0027463167667682834 -0.020790060751893547 -0.0016522234870811527 0.004409796171141474 16 16.png
placeholder
17 0.9988148268708766 -0.007728729342818005 0.04795733299457594 0.003050012736626932 -0.022176064802019783 -0.0017623717195532295 0.004703782582550906 17 17.png
placeholder
18 0.9986653625235355 -0.008229317356415227 0.05087754761602059 0.0033536815833443323 -0.02356206885214602 -0.0018725199520253063 0.004997768993960337 18 18.png
placeholder
19 0.9985070172486993 -0.00872983218837071 0.05379730979380537 0.003657320606455054 -0.024948072902272255 -0.001982668184497383 0.005291755405369769 19 19.png
placeholder
20 0.9983397924544998 -0.009230269387708082 0.0567165935630809 0.003960927105759043 -0.02633407695239849 -0.0020928164169694598 0.005585741816779201 20 20.png
placeholder
21 0.9981636896280331 -0.009730624504141349 0.05963537296325061 0.004264498381345735 -0.027720081002524728 -0.002202964649441537 0.005879728228188633 21 21.png
placeholder
22 0.9979787103353465 -0.010230893088114434 0.06255362203820514 0.0045680317336176625 -0.029106085052650964 -0.0023131128819136137 0.006173714639598064 22 22.png
placeholder
23 0.9977848562214224 -0.010731070690840816 0.06547131483655033 0.004871524463314493 -0.0304920891027772 -0.0024232611143856905 0.006467701051007495 23 23.png
placeholder
24 0.9975821290101661 -0.011231152864343034 0.06838842541183876 0.005174973871537301 -0.03187809315290344 -0.0025334093468577677 0.006761687462416928 24 24.png
placeholder
25 0.9973705305043897 -0.011731135161492238 0.07130492782280118 0.005478377259772455 -0.033264097203029676 -0.002643557579329844 0.007055673873826359 25 25.png
placeholder
26 0.9971500625857951 -0.012231013136047804 0.0742207961335749 0.005781731929915303 -0.034650101253155915 -0.002753705811801921 0.007349660285235792 26 26.png
placeholder
27 0.9969207272149583 -0.012730782342696784 0.07713600441393831 0.006085035184294738 -0.03603610530328215 -0.002863854044273998 0.007643646696645222 27 27.png
placeholder
28 0.9966825264313132 -0.013230438337093507 0.08005052673953872 0.006388284325696311 -0.03742210935340839 -0.002974002276746075 0.007937633108054655 28 28.png
placeholder
29 0.9964354623531295 -0.013729976675899072 0.0829643371921227 0.006691476657388294 -0.03880811340353462 -0.0030841505092181515 0.008231619519464085 29 29.png
placeholder
30 0.9961795371774982 -0.014229392916820854 0.08587740985976777 0.00699460948314204 -0.04019411745366086 -0.0031942987416902287 0.008525605930873517 30 30.png
placeholder
31 0.9959147531803096 -0.014728682618652024 0.08878971883711273 0.007297680107259503 -0.04158012150378709 -0.0033044469741623055 0.008819592342282948 31 31.png
placeholder
32 0.9956411127162346 -0.015227841341311056 0.09170123822558751 0.0076006858345953505 -0.04296612555391333 -0.0034145952066343822 0.009113578753692382 32 32.png
placeholder
33 0.9953586182187011 -0.01572686464588116 0.09461194213364355 0.007903623970581437 -0.044352129604039565 -0.003524743439106459 0.009407565165101812 33 33.png
placeholder
34 0.9950672721998753 -0.016225748094649828 0.09752180467698468 0.008206491821250677 -0.045738133654165805 -0.003634891671578536 0.009701551576511244 34 34.png
placeholder
35 0.9947670772506383 -0.016724487251148255 0.10043079997879589 0.00850928669326116 -0.04712413770429204 -0.0037450399040506125 0.009995537987920675 35 35.png
placeholder
36 0.9944580360405622 -0.01722307768019075 0.10333890216997554 0.00881200589391933 -0.04851014175441828 -0.0038551881365226897 0.010289524399330107 36 36.png
placeholder
37 0.9941401513178874 -0.0177215149479143 0.10624608538936309 0.009114646731205552 -0.04989614580454451 -0.003965336368994766 0.010583510810739539 37 37.png
placeholder
38 0.9938134259094983 -0.018219794621817855 0.10915232378397155 0.009417206513796357 -0.05128214985467075 -0.004075484601466843 0.010877497222148971 38 38.png
placeholder
39 0.9934778627208974 -0.018717912270801874 0.11205759150921457 0.009719682551089175 -0.05266815390479698 -0.0041856328339389196 0.011171483633558401 39 39.png
placeholder
40 0.9931334647361796 -0.019215863465207646 0.11496186272913889 0.010022072153226702 -0.05405415795492322 -0.004295781066410997 0.011465470044967833 40 40.png
placeholder
41 0.9927802350180059 -0.01971364377685667 0.11786511161665247 0.010324372631119308 -0.055440162005049455 -0.004405929298883074 0.011759456456377266 41 41.png
placeholder
42 0.9924181767075758 -0.02021124877909015 0.12076731235375426 0.010626581296470606 -0.056826166055175695 -0.004516077531355151 0.012053442867786698 42 42.png
placeholder
43 0.9920472930246013 -0.02070867404680822 0.12366843913176573 0.010928695461800872 -0.05821217010530193 -0.0046262257638272275 0.012347429279196128 43 43.png
placeholder
44 0.9916675872672741 -0.021205915156509353 0.12656846615155715 0.011230712440470008 -0.05959817415542817 -0.004736373996299305 0.01264141569060556 44 44.png
placeholder
45 0.9912790628122407 -0.021702967686329743 0.12946736762377964 0.011532629546702759 -0.0609841782055544 -0.004846522228771381 0.01293540210201499 45 45.png
placeholder
46 0.9908817231145693 -0.022199827216082553 0.132365117769093 0.01183444409561186 -0.062370182255680646 -0.004956670461243458 0.013229388513424424 46 46.png
placeholder
47 0.9904755717077217 -0.022696489327297245 0.13526169081839656 0.012136153403222109 -0.06375618630580689 -0.005066818693715535 0.013523374924833857 47 47.png
placeholder
48 0.9900606122035189 -0.023192949603258968 0.13815706101305547 0.012437754786493787 -0.0651421903559331 -0.005176966926187612 0.013817361336243285 48 48.png
placeholder
49 0.9896368482921115 -0.023689203629047667 0.14105120260513393 0.012739245563347686 -0.06652819440605935 -0.005287115158659688 0.014111347747652717 49 49.png
placeholder
50 0.9892042837419454 -0.02418524699157741 0.14394408985762008 0.013040623052687618 -0.06791419845618558 -0.005397263391131765 0.01440533415906215 50 50.png
placeholder
51 0.9887629223997294 -0.024681075279635697 0.14683569704465815 0.013341884574424959 -0.06930020250631183 -0.005507411623603842 0.014699320570471583 51 51.png
placeholder
52 0.988312768190399 -0.0251766840839227 0.14972599845177337 0.013643027449502524 -0.07068620655643805 -0.005617559856075919 0.014993306981881012 52 52.png
placeholder
53 0.9878538251170854 -0.025672068997090257 0.15261496837610622 0.013944048999918158 -0.0720722106065643 -0.005727708088547996 0.015287293393290444 53 53.png
placeholder
54 0.9873860972610744 -0.026167225613781393 0.15550258112663484 0.014244946548748296 -0.07345821465669053 -0.005837856321020073 0.015581279804699876 54 54.png
placeholder
55 0.9869095887817745 -0.026662149530669223 0.15838881102440772 0.014545717420172632 -0.07484421870681678 -0.00594800455349215 0.01587526621610931 55 55.png
placeholder
56 0.9864243039166791 -0.02715683634649623 0.16127363240277126 0.01484635893949703 -0.076230222756943 -0.006058152785964226 0.016169252627518737 56 56.png
placeholder
57 0.9859302469813275 -0.02765128166211343 0.164157019607597 0.015146868433177748 -0.07761622680706924 -0.006168301018436303 0.01646323903892817 57 57.png
placeholder
58 0.9854274223692674 -0.028145481080519414 0.16703894699750943 0.015447243228845105 -0.07900223085719547 -0.00627844925090838 0.016757225450337605 58 58.png
placeholder
59 0.9849158345520151 -0.028639430206899453 0.1699193889441175 0.015747480655327276 -0.08038823490732172 -0.006388597483380457 0.017051211861747035 59 59.png
placeholder
60 0.984395488079017 -0.029133124648664726 0.17279831983223604 0.016047578042674076 -0.08177423895744794 -0.006498745715852534 0.017345198273156465 60 60.png
placeholder
61 0.9838663875776085 -0.029626560015491122 0.17567571406012128 0.016347532722180473 -0.08316024300757419 -0.006608893948324611 0.017639184684565896 61 61.png
placeholder
62 0.9833285377529718 -0.03011973191935859 0.17855154603969126 0.016647342026410945 -0.08454624705770043 -0.006719042180796687 0.01793317109597533 62 62.png
placeholder
63 0.9827819433880967 -0.030612635974589842 0.18142579019676008 0.016947003289222044 -0.08593225110782667 -0.0068291904132687644 0.018227157507384763 63 63.png
placeholder
64 0.9822266093437347 -0.031105267797889625 0.18429842097125904 0.01724651384578756 -0.0873182551579529 -0.006939338645740841 0.01852114391879419 64 64.png
placeholder
65 0.9816625405583586 -0.031597623008383605 0.1871694128174689 0.017545871032621112 -0.08870425920807913 -0.007049486878212918 0.018815130330203624 65 65.png
placeholder
66 0.9810897420481166 -0.03208969722765719 0.19003874020424405 0.0178450721876001 -0.09009026325820538 -0.007159635110684995 0.019109116741613055 66 66.png
placeholder
67 0.98050821890679 -0.03258148607979468 0.19290637761524132 0.01814411464998986 -0.09147626730833161 -0.007269783343157072 0.01940310315302249 67 67.png
placeholder
68 0.9799179763057451 -0.03307298519141805 0.19577229954914577 0.018442995760466464 -0.09286227135845784 -0.007379931575629148 0.01969708956443192 68 68.png
placeholder
69 0.9793190194938892 -0.033564190191725886 0.19863648051989768 0.01874171286114163 -0.09424827540858408 -0.007490079808101225 0.01999107597584135 69 69.png
placeholder
70 0.9787113537976224 -0.03405509671253229 0.20149889505691942 0.01904026329558459 -0.09563427945871032 -0.007600228040573302 0.020285062387250783 70 70.png
placeholder
71 0.978094984620793 -0.03454570038830558 0.20435951770534233 0.019338644408847305 -0.09702028350883656 -0.007710376273045379 0.020579048798660213 71 71.png
placeholder
72 0.9774699174446456 -0.03503599685620737 0.2072183230262319 0.01963685354748755 -0.09840628755896279 -0.007820524505517455 0.020873035210069644 72 72.png
placeholder
73 0.9768361578277757 -0.035525981756131 0.21007528559681543 0.019934888059591798 -0.09979229160908902 -0.007930672737989532 0.021167021621479078 73 73.png
placeholder
74 0.9761937114060778 -0.036015650730740735 0.21293038001070697 0.02023274529480038 -0.10117829565921527 -0.00804082097046161 0.021461008032888508 74 74.png
placeholder
75 0.9755425838926973 -0.03650499942551013 0.21578358087813398 0.020530422604329284 -0.1025642997093415 -0.008150969202933686 0.021754994444297942 75 75.png
placeholder
76 0.974882781077979 -0.036994023488761026 0.2186348628261633 0.020827917340995077 -0.10395030375946773 -0.008261117435405764 0.022048980855707372 76 76.png
placeholder
77 0.9742143088294136 -0.03748271857170215 0.22148420049892414 0.02112522685923764 -0.10533630780959397 -0.008371265667877839 0.022342967267116803 77 77.png
placeholder
78 0.9735371730915897 -0.037971080328467625 0.22433156855783998 0.021422348515144005 -0.10672231185972021 -0.008481413900349916 0.022636953678526237 78 78.png
placeholder
79 0.9728513798861366 -0.038459104416156055 0.227176941681845 0.021719279666471983 -0.10810831590984644 -0.008591562132821993 0.022930940089935667 79 79.png
placeholder
80 0.972156935311674 -0.038946786494868636 0.23002029456761652 0.022016017672673145 -0.10949431995997268 -0.00870171036529407 0.023224926501345097 80 80.png
placeholder
81 0.9714538455437558 -0.039434122227748 0.23286160192979777 0.022312559894917025 -0.11088032401009891 -0.008811858597766148 0.02351891291275453 81 81.png
placeholder
82 0.9707421168348158 -0.03992110728101691 0.23570083850122037 0.022608903696114114 -0.11226632806022516 -0.008922006830238225 0.02381289932416396 82 82.png
placeholder
83 0.9700217555141122 -0.04040773732401653 0.23853797903313279 0.02290504644093938 -0.11365233211035139 -0.009032155062710302 0.024106885735573395 83 83.png
placeholder
84 0.9692927679876719 -0.04089400802924506 0.2413729982954227 0.0232009854958557 -0.11503833616047762 -0.009142303295182378 0.024400872146982822 84 84.png
placeholder
85 0.968555160738232 -0.04137991507239629 0.244205871076841 0.023496718229137473 -0.11642434021060385 -0.009252451527654455 0.024694858558392256 85 85.png
placeholder
86 0.9678089403251838 -0.041865454132397846 0.24703657218522945 0.023792242010893753 -0.1178103442607301 -0.009362599760126532 0.02498884496980169 86 86.png
placeholder
87 0.9670541133845126 -0.042350620891449885 0.24986507644773814 0.024087554213091743 -0.11919634831085633 -0.00947274799259861 0.02528283138121112 87 87.png
placeholder
88 0.9662906866287411 -0.04283541103506335 0.25269135871105597 0.024382652209580222 -0.12058235236098257 -0.009582896225070685 0.02557681779262055 88 88.png
placeholder
89 0.9655186668468679 -0.043319820252098316 0.25551539384163124 0.024677533376113066 -0.1219683564111088 -0.009693044457542762 0.02587080420402998 89 89.png
placeholder
90 0.964738060904307 -0.043803844234802346 0.2583371567258941 0.02497219509037179 -0.12335436046123505 -0.00980319269001484 0.026164790615439415 90 90.png
placeholder
