# Image list with two lines of data per image:
# IMAGE_ID, QW, QX, QY, QZ, TX, TY, TZ, CAMERA_ID, NAME
# POINTS2D[] as (X, Y, POINT3D_ID)
1 0.9664200134035116 0.03942354084317829 -0.2520605407703318 -0.030718494544991537 0.1100679486989975 9.14933334570378e-05 0.026698188856244087 1 1.png
placeholder
2 0.9671879923999936 0.039009332409574486 -0.24920443611353227 -0.03037776100316775 0.10883123017428965 9.046531847437446e-05 0.026398209206173927 2 2.png
placeholder
3 0.9679472330526665 0.03859477153470693 -0.24634607994610747 -0.030036753004545568 0.10759451164958182 8.943730349171111e-05 0.026098229556103768 3 3.png
placeholder
4 0.9686977285019486 0.03817986196404753 -0.24348549809271525 -0.029695473630061992 0.10635779312487399 8.840928850904777e-05 0.02579824990603361 4 4.png
placeholder
5 0.9694394719672674 0.03776460744621855 -0.24062271639812205 -0.02935392596310544 0.10512107460016615 8.738127352638443e-05 0.025498270255963455 5 5.png
placeholder
6 0.9701724567471246 0.03734901173295885 -0.23775776072696897 -0.02901211308948891 0.1038843560754583 8.635325854372108e-05 0.025198290605893296 6 6.png
placeholder
7 0.9708966762191537 0.03693307857908981 -0.23489065696353983 -0.028670038097420882 0.10264763755075049 8.532524356105773e-05 0.02489831095582314 7 7.png
placeholder
8 0.9716121238401806 0.036516811742481725 -0.23202143101152417 -0.028327704077478335 0.10141091902604264 8.429722857839438e-05 0.02459833130575298 8 8.png
placeholder
9 0.9723187931462857 0.03610021498401939 -0.22915010879378728 -0.027985114122578664 0.1001742005013348 8.326921359573103e-05 0.02429835165568282 9 9.png
placeholder
10 0.9730166777528557 0.03568329206756858 -0.22627671625213064 -0.027642271327950944 0.09893748197662697 8.224119861306768e-05 0.023998372005612664 10 10.png
placeholder
11 0.9737057713546488 0.03526604675994174 -0.22340127934706433 -0.027299178791109338 0.09770076345191912 8.121318363040434e-05 0.023698392355542504 11 11.png
placeholder
12 0.9743860677258454 0.03484848283086402 -0.22052382405756654 -0.026955839611824118 0.09646404492721129 8.0185168647741e-05 0.023398412705472348 12 12.png
placeholder
13 0.9750575607201092 0.0344306040529394 -0.21764437638085155 -0.026612256892093615 0.09522732640250345 7.915715366507765e-05 0.023098433055402188 13 13.png
placeholder
14 0.9757202442706389 0.03401241420161626 -0.21476296233213443 -0.026268433736117078 0.09399060787779562 7.81291386824143e-05 0.022798453405332028 14 14.png
placeholder
15 0.9763741123902259 0.03359391705515362 -0.2118796079443961 -0.025924373250265545 0.09275388935308779 7.710112369975097e-05 0.022498473755261872 15 15.png
placeholder
16 0.9770191591713069 0.03317511639458678 -0.2089943392681487 -0.025580078543054368 0.09151717082837994 7.607310871708762e-05 0.022198494105191712 16 16.png
placeholder
17 0.9776553787860163 0.032756016003693204 -0.20610718237119852 -0.025235552725115407 0.0902804523036721 7.504509373442427e-05 0.021898514455121556 17 17.png
placeholder
18 0.9782827654862426 0.032336619668958455 -0.20321816333841203 -0.02489079890916819 0.08904373377896427 7.401707875176092e-05 0.021598534805051396 18 18.png
placeholder
19 0.9789013136036764 0.031916931179541724 -0.20032730827148004 -0.024545820209992027 0.08780701525425642 7.298906376909758e-05 0.021298555154981236 19 19.png
placeholder
20 0.9795110175498621 0.0314969543272419 -0.19743464328868054 -0.024200619744398563 0.0865702967295486 7.196104878643423e-05 0.02099857550491108 20 20.png
placeholder
21 0.9801118718162513 0.03107669290646319 -0.194540194524645 -0.02385520063120247 0.08533357820484076 7.093303380377088e-05 0.02069859585484092 21 21.png
placeholder
22 0.9807038709742496 0.03065615071418069 -0.1916439881301195 -0.023509565991194366 0.08409685968013292 6.990501882110753e-05 0.020398616204770764 22 22.png
placeholder
23 0.9812870096752667 0.030235331549906305 -0.1887460502717314 -0.023163718947111656 0.08286014115542509 6.88770038384442e-05 0.020098636554700608 23 23.png
placeholder
24 0.9818612826507654 0.029814239215654223 -0.18584640713175193 -0.02281766262361094 0.08162342263071724 6.784898885578085e-05 0.019798656904630448 24 24.png
placeholder
25 0.9824266847123068 0.029392877515906846 -0.18294508490785566 -0.022471400147239924 0.08038670410600941 6.68209738731175e-05 0.01949867725456029 25 25.png
placeholder
26 0.9829832107516013 0.028971250257580062 -0.18004210981289237 -0.022124934646408186 0.07914998558130157 6.579295889045415e-05 0.01919869760449013 26 26.png
placeholder
27 0.9835308557405502 0.028549361249989087 -0.17713750807464146 -0.021778269251360637 0.07791326705659372 6.47649439077908e-05 0.01889871795441997 27 27.png
placeholder
28 0.9840696147312943 0.028127214304814047 -0.17423130593557956 -0.02143140709414666 0.0766765485318859 6.373692892512745e-05 0.018598738304349813 28 28.png
placeholder
29 0.9845994828562576 0.027704813236065374 -0.1713235296526434 -0.021084351308594998 0.07543983000717806 6.270891394246412e-05 0.018298758654279657 29 29.png
placeholder
30 0.9851204553281908 0.027282161860049527 -0.1684142054969915 -0.020737105030282615 0.07420311148247022 6.168089895980077e-05 0.017998779004209497 30 30.png
placeholder
31 0.9856325274402151 0.026859263995334448 -0.1655033597537665 -0.020389671396508 0.07296639295776239 6.065288397713743e-05 0.01769879935413934 31 31.png
placeholder
32 0.9861356945658649 0.026436123462714987 -0.16259101872185888 -0.02004205354626241 0.07172967443305456 5.962486899447408e-05 0.01739881970406918 32 32.png
placeholder
33 0.9866299521591289 0.026012744085178514 -0.1596772087136682 -0.019694254620201093 0.07049295590834671 5.859685401181073e-05 0.01709884005399902 33 33.png
placeholder
34 0.9871152957544922 0.02558912968787026 -0.15676195605486698 -0.019346277760615798 0.06925623738363887 5.756883902914738e-05 0.016798860403928865 34 34.png
placeholder
35 0.987591720966975 0.025165284098058845 -0.15384528708416034 -0.018998126111405514 0.06801951885893104 5.6540824046484035e-05 0.016498880753858705 35 35.png
placeholder
36 0.988059223492174 0.02474121114510169 -0.15092722815305049 -0.018649802818048435 0.0667828003342232 5.5512809063820686e-05 0.016198901103788545 36 36.png
placeholder
37 0.9885177991063011 0.024316914660410315 -0.14800780562559734 -0.018301311027573788 0.06554608180951536 5.4484794081157345e-05 0.01589892145371839 37 37.png
placeholder
38 0.9889674436662201 0.02389239847741589 -0.145087045878181 -0.017952653888532722 0.06430936328480752 5.3456779098493996e-05 0.015598941803648231 38 38.png
placeholder
39 0.9894081531094842 0.02346766643153448 -0.14216497529926164 -0.017603834550970556 0.0630726447600997 5.242876411583066e-05 0.015298962153578075 39 39.png
placeholder
40 0.9898399234543758 0.02304272236013237 -0.13924162028914466 -0.01725485616639803 0.06183592623539186 5.140074913316731e-05 0.014998982503507915 40 40.png
placeholder
41 0.9902627507999383 0.02261757010249154 -0.13631700725973872 -0.01690572188776282 0.060599207710684014 5.0372734150503964e-05 0.014699002853437755 41 41.png
placeholder
42 0.9906766313260144 0.022192213499774863 -0.1333911626343186 -0.01655643486942097 0.059362489185976176 4.9344719167840616e-05 0.014399023203367597 42 42.png
placeholder
43 0.9910815612932786 0.021766656394991403 -0.13046411284728565 -0.016206998267108707 0.05812577066126834 4.831670418517727e-05 0.014099043553297438 43 43.png
placeholder
44 0.9914775370432727 0.021340902632961747 -0.1275358843439317 -0.015857415237913366 0.056889052136560495 4.728868920251392e-05 0.01379906390322728 44 44.png
placeholder
45 0.9918645549984374 0.020914956060283187 -0.1246065035801962 -0.015507688940245502 0.05565233361185267 4.626067421985058e-05 0.013499084253157123 45 45.png
placeholder
46 0.9922426116621448 0.0204888205252951 -0.1216759970224287 -0.015157822533810157 0.05441561508714483 4.523265923718723e-05 0.013199104603086964 46 46.png
placeholder
47 0.9926117036187315 0.02006249987804406 -0.11874439114715185 -0.014807819179577929 0.05317889656243699 4.420464425452388e-05 0.012899124953016806 47 47.png
placeholder
48 0.9929718275335284 0.01963599797024906 -0.11581171244081856 -0.014457682039756913 0.05194217803772916 4.317662927186054e-05 0.01259914530294665 48 48.png
placeholder
49 0.9933229801528894 0.01920931865526681 -0.11287798739957644 -0.014107414277763844 0.05070545951302132 4.214861428919719e-05 0.01229916565287649 49 49.png
placeholder
50 0.9936651583042233 0.018782465788056774 -0.10994324252902443 -0.013757019058195593 0.049468740988313484 4.112059930653384e-05 0.011999186002806332 50 50.png
placeholder
51 0.9939983588960215 0.018355443225146508 -0.10700750434397688 -0.013406499546800623 0.04823202246360564 4.0092584323870494e-05 0.011699206352736172 51 51.png
placeholder
52 0.9943225789178851 0.017928254824596687 -0.10407079936822272 -0.01305585891045054 0.046995303938897816 3.906456934120716e-05 0.011399226702666016 52 52.png
placeholder
53 0.9946378154405531 0.017500904445966293 -0.10113315413428436 -0.012705100317110807 0.04575858541418997 3.803655435854381e-05 0.011099247052595856 53 53.png
placeholder
54 0.9949440656159291 0.017073395950277785 -0.09819459518318008 -0.012354226935813154 0.044521866889482134 3.700853937588046e-05 0.010799267402525698 54 54.png
placeholder
55 0.995241326677106 0.016645733199982127 -0.09525514906418298 -0.012003241936625933 0.04328514836477429 3.5980524393217114e-05 0.010499287752455538 55 55.png
placeholder
56 0.9955295959383911 0.016217920058923984 -0.09231484233458254 -0.01165214849062621 0.042048429840066466 3.495250941055377e-05 0.010199308102385382 56 56.png
placeholder
57 0.9958088707953309 0.015789960392306734 -0.08937370155944224 -0.011300949769870788 0.04081171131535862 3.3924494427890423e-05 0.009899328452315224 57 57.png
placeholder
58 0.9960791487247348 0.01536185806665762 -0.08643175331136166 -0.010949648947367593 0.039574992790650784 3.2896479445227075e-05 0.009599348802245064 58 58.png
placeholder
59 0.9963404272846988 0.014933616949792726 -0.08348902417023729 -0.010598249197046885 0.03833827426594295 3.186846446256373e-05 0.009299369152174906 59 59.png
placeholder
60 0.9965927041146231 0.01450524091078217 -0.08054554072301734 -0.010246753693733289 0.037101555741235116 3.084044947990039e-05 0.00899938950210475 60 60.png
placeholder
61 0.9968359769352403 0.014076733819914979 -0.07760132956346788 -0.009895165613115478 0.03586483721652728 2.981243449723704e-05 0.00869940985203459 61 61.png
placeholder
62 0.9970702435486294 0.013648099548664253 -0.0746564172919284 -0.009543488131719633 0.034628118691819434 2.878441951457369e-05 0.008399430201964432 62 62.png
placeholder
63 0.9972955018382402 0.013219341969652128 -0.07171083051507376 -0.009191724426878945 0.0333914001671116 2.7756404531910343e-05 0.008099450551894273 63 63.png
placeholder
64 0.9975117497689119 0.012790464956614811 -0.06876459584567263 -0.008839877676706059 0.032154681642403767 2.6728389549247005e-05 0.0077994709018241164 64 64.png
placeholder
65 0.997718985386887 0.012361472384367547 -0.0658177399023454 -0.008487951060063397 0.03091796311769593 2.5700374566583656e-05 0.007499491251753958 65 65.png
placeholder
66 0.9979172068198361 0.011932368128769634 -0.06287028930932848 -0.00813594775653581 0.029681244592988088 2.4672359583920308e-05 0.007199511601683799 66 66.png
placeholder
67 0.998106412276869 0.011503156066689472 -0.05992227069622913 -0.007783870946399941 0.028444526068280247 2.364434460125696e-05 0.00689953195161364 67 67.png
placeholder
68 0.9982866000485531 0.011073840075969373 -0.056973710697786895 -0.007431723810597225 0.02720780754357242 2.2616329618593618e-05 0.006599552301543484 68 68.png
placeholder
69 0.9984577685069291 0.010644424035390683 -0.05402463595363116 -0.0070795095307043055 0.02597108901886458 2.158831463593027e-05 0.006299572651473325 69 69.png
placeholder
70 0.9986199161055261 0.010214911824638673 -0.05107507310804571 -0.006727231288904701 0.024734370494156742 2.056029965326692e-05 0.005999593001403166 70 70.png
placeholder
71 0.9987730413793734 0.00978530732426747 -0.04812504880972002 -0.006374892267959344 0.0234976519694489 1.9532284670603573e-05 0.005699613351333006 71 71.png
placeholder
72 0.998917142945016 0.00935561441566504 -0.045174589711515445 -0.00602249565117864 0.022260933444741074 1.8504269687940234e-05 0.005399633701262851 72 72.png
placeholder
73 0.9990522195005255 0.008925836981018094 -0.04222372247021988 -0.005670044622393247 0.021024214920033233 1.7476254705276886e-05 0.005099654051192691 73 73.png
placeholder
74 0.9991782698255135 0.008495978903277008 -0.039272473746310044 -0.005317542365925484 0.019787496395325392 1.6448239722613538e-05 0.004799674401122532 74 74.png
placeholder
75 0.9992952927811418 0.008066044066120746 -0.03632087020370911 -0.00496499206656007 0.01855077787061755 1.542022473995019e-05 0.004499694751052373 75 75.png
placeholder
76 0.9994032873101312 0.007636036353921807 -0.03336893850954514 -0.004612396909516913 0.017314059345909724 1.439220975728685e-05 0.004199715100982217 76 76.png
placeholder
77 0.9995022524367743 0.0072059596517110806 -0.030416705333911498 -0.004259760080419805 0.016077340821201883 1.3364194774623502e-05 0.0038997354509120582 77 77.png
placeholder
78 0.9995921872669409 0.006775817845142769 -0.027464197349625907 -0.003907084765270049 0.014840622296494044 1.2336179791960154e-05 0.0035997558008418994 78 78.png
placeholder
79 0.9996730909880891 0.006345614820459269 -0.024511441231987785 -0.003554374150416042 0.013603903771786205 1.1308164809296804e-05 0.00329977615077174 79 79.png
placeholder
80 0.9997449628692697 0.005915354464456114 -0.021558463658538862 -0.003201631422525524 0.012367185247078376 1.0280149826633466e-05 0.0029997965007015842 80 80.png
placeholder
81 0.9998078022611357 0.0054850406644467425 -0.018605291308822602 -0.0028488597685561766 0.011130466722370537 9.252134843970117e-06 0.0026998168506314254 81 81.png
placeholder
82 0.9998616085959463 0.005054677308227502 -0.015651950864141395 -0.0024960623757270257 0.009893748197662696 8.224119861306769e-06 0.002399837200561266 82 82.png
placeholder
83 0.9999063813875714 0.004624268284042472 -0.012698469007314972 -0.002143242431489703 0.008657029672954857 7.19610487864342e-06 0.0020998575504911072 83 83.png
placeholder
84 0.9999421202314988 0.004193817480548308 -0.009744872422442818 -0.001790403123499547 0.007420311148247028 6.168089895980082e-06 0.0017998779004209512 84 84.png
placeholder
85 0.9999688248048361 0.0037633287867791182 -0.006791187794661591 -0.0014375476395869665 0.006183592623539188 5.140074913316733e-06 0.0014998982503507921 85 85.png
placeholder
86 0.9999864948663113 0.0033328060921113895 -0.0038374418098997554 -0.0010846791677280518 0.004946874098831348 4.112059930653384e-06 0.001199918600280633 86 86.png
placeholder
87 0.9999951302562805 0.0029022532862287608 -0.0008836611546443329 -0.0007318008960168379 0.003710155574123508 3.084044947990036e-06 0.0008999389502104741 87 87.png
placeholder
88 0.9999947308967239 0.002471674259086954 0.0020701274843079043 -0.00037891601263575906 0.00247343704941568 2.0560299653266973e-06 0.000599959300140318 88 88.png
placeholder
89 0.9999852967912503 0.0020410729008785446 0.005023897420085466 -2.6027705826699815e-05 0.00123671852470784 1.0280149826633486e-06 0.000299979650070159 89 89.png
placeholder
90 0.9999668280250937 0.0016104531019979218 0.007977621965986836 0.0003268608361372928 0.0 0.0 0.0 90 90.png
placeholder
